header: 
  seq: 411
  stamp: 
    secs: 1411980581
    nsecs: 656735875
  frame_id: laser
angle_min: -2.08621382713
angle_max: 2.08621382713
angle_increment: 0.00613592332229
time_increment: 9.76562514552e-05
scan_time: 0.10000000149
range_min: 0.019999999553
range_max: 5.59999990463
ranges: [0.40700000524520874, 0.40700000524520874, 0.40700000524520874, 0.4059999883174896, 0.4059999883174896, 0.40299999713897705, 0.4020000100135803, 0.39500001072883606, 0.39500001072883606, 0.3930000066757202, 0.39399999380111694, 0.39399999380111694, 0.3889999985694885, 0.3889999985694885, 0.3889999985694885, 0.3889999985694885, 0.3930000066757202, 0.3930000066757202, 0.3930000066757202, 0.3930000066757202, 0.38499999046325684, 0.3799999952316284, 0.3790000081062317, 0.3779999911785126, 0.3790000081062317, 0.3790000081062317, 0.3840000033378601, 0.3840000033378601, 0.38499999046325684, 0.3840000033378601, 0.38199999928474426, 0.38199999928474426, 0.3790000081062317, 0.3790000081062317, 0.3790000081062317, 0.3790000081062317, 0.37700000405311584, 0.3700000047683716, 0.36899998784065247, 0.36899998784065247, 0.36899998784065247, 0.36899998784065247, 0.36899998784065247, 0.367000013589859, 0.3659999966621399, 0.36500000953674316, 0.36500000953674316, 0.36500000953674316, 0.36399999260902405, 0.36000001430511475, 0.36399999260902405, 0.36399999260902405, 0.3889999985694885, 0.3970000147819519, 0.40299999713897705, 0.414000004529953, 0.44699999690055847, 0.4480000138282776, 0.46799999475479126, 0.46799999475479126, 0.46799999475479126, 0.46399998664855957, 0.40799999237060547, 0.39899998903274536, 0.3869999945163727, 0.38600000739097595, 0.38499999046325684, 0.3659999966621399, 0.3630000054836273, 0.3630000054836273, 0.3619999885559082, 0.3619999885559082, 0.3610000014305115, 0.36000001430511475, 0.3569999933242798, 0.35499998927116394, 0.3499999940395355, 0.3490000069141388, 0.34599998593330383, 0.33899998664855957, 0.33399999141693115, 0.33399999141693115, 0.33399999141693115, 0.33899998664855957, 0.33899998664855957, 0.33899998664855957, 0.33899998664855957, 0.335999995470047, 0.3179999887943268, 0.31299999356269836, 0.3089999854564667, 0.3089999854564667, 0.31299999356269836, 0.32100000977516174, 0.32100000977516174, 0.335999995470047, 0.335999995470047, 0.3440000116825104, 0.3440000116825104, 0.34200000762939453, 0.335999995470047, 0.34200000762939453, 0.34200000762939453, 0.34299999475479126, 0.34299999475479126, 0.34299999475479126, 0.32600000500679016, 0.32600000500679016, 0.3199999928474426, 0.3179999887943268, 0.3140000104904175, 0.3140000104904175, 0.3140000104904175, 0.3179999887943268, 0.32199999690055847, 0.3319999873638153, 0.3319999873638153, 0.3319999873638153, 0.32499998807907104, 0.32499998807907104, 0.32499998807907104, 0.33000001311302185, 0.33000001311302185, 0.33399999141693115, 0.33399999141693115, 0.33000001311302185, 0.33899998664855957, 0.3409999907016754, 0.3449999988079071, 0.35199999809265137, 0.3569999933242798, 0.42500001192092896, 0.5, 0.5019999742507935, 0.5059999823570251, 0.5099999904632568, 0.5099999904632568, 0.5230000019073486, 0.5230000019073486, 0.5230000019073486, 0.5189999938011169, 0.5189999938011169, 0.5189999938011169, 0.5189999938011169, 0.5210000276565552, 0.5210000276565552, 0.5220000147819519, 0.5260000228881836, 0.5299999713897705, 0.5270000100135803, 0.5270000100135803, 0.5299999713897705, 0.5299999713897705, 0.5270000100135803, 0.5329999923706055, 0.5339999794960022, 0.5339999794960022, 0.5339999794960022, 0.5370000004768372, 0.5429999828338623, 0.5429999828338623, 0.5429999828338623, 0.5400000214576721, 0.5400000214576721, 0.5400000214576721, 0.5419999957084656, 0.5419999957084656, 0.5419999957084656, 0.5419999957084656, 0.5419999957084656, 0.5440000295639038, 0.5509999990463257, 0.5550000071525574, 0.5519999861717224, 0.5580000281333923, 0.5600000023841858, 0.5649999976158142, 0.5659999847412109, 0.5680000185966492, 0.5680000185966492, 0.5709999799728394, 0.574999988079071, 0.5740000009536743, 0.5820000171661377, 0.5820000171661377, 0.5789999961853027, 0.5789999961853027, 0.5820000171661377, 0.5820000171661377, 0.5820000171661377, 0.5849999785423279, 0.5870000123977661, 0.5920000076293945, 0.6019999980926514, 0.6100000143051147, 0.6129999756813049, 0.6129999756813049, 0.6129999756813049, 0.6150000095367432, 0.6200000047683716, 0.6200000047683716, 0.625, 0.6290000081062317, 0.6299999952316284, 0.6320000290870667, 0.6320000290870667, 0.6320000290870667, 0.6340000033378601, 0.6359999775886536, 0.6359999775886536, 0.6470000147819519, 0.656000018119812, 0.6570000052452087, 0.6579999923706055, 0.6579999923706055, 0.6669999957084656, 0.6679999828338623, 0.6800000071525574, 0.6830000281333923, 0.6830000281333923, 0.6830000281333923, 0.6840000152587891, 0.6840000152587891, 0.699999988079071, 0.7020000219345093, 0.7099999785423279, 0.7099999785423279, 0.7020000219345093, 0.6729999780654907, 0.625, 0.6209999918937683, 0.6169999837875366, 0.6169999837875366, 0.6190000176429749, 0.6169999837875366, 0.6119999885559082, 0.6110000014305115, 0.609000027179718, 0.6029999852180481, 0.597000002861023, 0.5879999995231628, 0.5839999914169312, 0.5809999704360962, 0.5809999704360962, 0.5809999704360962, 0.5740000009536743, 0.5709999799728394, 0.5659999847412109, 0.5659999847412109, 0.5630000233650208, 0.550000011920929, 0.5239999890327454, 0.5239999890327454, 0.5239999890327454, 0.5210000276565552, 0.5289999842643738, 0.5289999842643738, 0.5239999890327454, 0.5230000019073486, 0.5230000019073486, 0.5149999856948853, 0.5120000243186951, 0.5120000243186951, 0.5040000081062317, 0.4959999918937683, 0.4860000014305115, 0.4860000014305115, 0.4860000014305115, 0.5199999809265137, 0.5199999809265137, 0.5199999809265137, 0.5019999742507935, 0.5, 0.5, 0.49300000071525574, 0.49300000071525574, 0.5, 0.5109999775886536, 0.5180000066757202, 0.5180000066757202, 0.5170000195503235, 0.5210000276565552, 0.5210000276565552, 0.5210000276565552, 0.5210000276565552, 0.5210000276565552, 0.5230000019073486, 0.5230000019073486, 0.5230000019073486, 0.5419999957084656, 0.5429999828338623, 0.5450000166893005, 0.5429999828338623, 0.5429999828338623, 0.5370000004768372, 0.5370000004768372, 0.5370000004768372, 0.5580000281333923, 0.5950000286102295, 0.6510000228881836, 0.6570000052452087, 0.6579999923706055, 0.6579999923706055, 0.6650000214576721, 0.6679999828338623, 0.6779999732971191, 0.6919999718666077, 0.6930000185966492, 0.703000009059906, 0.7250000238418579, 0.781000018119812, 0.8040000200271606, 0.8050000071525574, 0.8050000071525574, 0.8050000071525574, 0.796999990940094, 0.796999990940094, 0.796999990940094, 0.8140000104904175, 0.8190000057220459, 0.8230000138282776, 0.8259999752044678, 0.8289999961853027, 0.8289999961853027, 0.8289999961853027, 0.8289999961853027, 0.8289999961853027, 0.8259999752044678, 0.8259999752044678, 0.8259999752044678, 0.8240000009536743, 0.8230000138282776, 0.8220000267028809, 0.8209999799728394, 0.8209999799728394, 0.8209999799728394, 0.8220000267028809, 0.8289999961853027, 0.8289999961853027, 0.8289999961853027, 0.8240000009536743, 0.8190000057220459, 0.8159999847412109, 0.8159999847412109, 0.8159999847412109, 0.8159999847412109, 0.8159999847412109, 0.8140000104904175, 0.8140000104904175, 0.8140000104904175, 0.8140000104904175, 0.8140000104904175, 0.8119999766349792, 0.8119999766349792, 0.8119999766349792, 0.8180000185966492, 0.8159999847412109, 0.8180000185966492, 0.8209999799728394, 0.8259999752044678, 0.8259999752044678, 0.8299999833106995, 0.8309999704360962, 0.8309999704360962, 0.8259999752044678, 0.8259999752044678, 0.8240000009536743, 0.7789999842643738, 0.7580000162124634, 0.75, 0.703000009059906, 0.6740000247955322, 0.656000018119812, 0.6190000176429749, 0.5889999866485596, 0.5820000171661377, 0.5350000262260437, 0.5149999856948853, 0.5109999775886536, 0.47999998927116394, 0.47600001096725464, 0.4560000002384186, 0.44600000977516174, 0.4269999861717224, 0.41999998688697815, 0.39899998903274536, 0.3959999978542328, 0.39399999380111694, 0.3930000066757202, 0.36899998784065247, 0.3659999966621399, 0.3569999933242798, 0.35600000619888306, 0.35499998927116394, 0.3499999940395355, 0.3499999940395355, 0.3499999940395355, 0.3499999940395355, 0.3499999940395355, 0.35100001096725464, 0.35100001096725464, 0.35600000619888306, 0.35600000619888306, 0.3610000014305115, 0.3610000014305115, 0.3610000014305115, 0.36399999260902405, 0.36399999260902405, 0.3619999885559082, 0.3619999885559082, 0.3619999885559082, 0.3610000014305115, 0.3619999885559082, 0.3630000054836273, 0.3630000054836273, 0.3630000054836273, 0.367000013589859, 0.367000013589859, 0.36800000071525574, 0.3700000047683716, 0.3709999918937683, 0.3720000088214874, 0.3720000088214874, 0.3720000088214874, 0.37299999594688416, 0.37299999594688416, 0.37299999594688416, 0.375, 0.37299999594688416, 0.37599998712539673, 0.38100001215934753, 0.38100001215934753, 0.3840000033378601, 0.3840000033378601, 0.3869999945163727, 0.382999986410141, 0.38999998569488525, 0.38999998569488525, 0.39500001072883606, 0.39500001072883606, 0.39500001072883606, 0.39399999380111694, 0.39399999380111694, 0.39399999380111694, 0.4020000100135803, 0.40400001406669617, 0.40400001406669617, 0.40799999237060547, 0.4090000092983246, 0.4090000092983246, 0.4059999883174896, 0.4059999883174896, 0.4059999883174896, 0.4059999883174896, 0.4099999964237213, 0.4129999876022339, 0.4129999876022339, 0.41499999165534973, 0.4129999876022339, 0.41600000858306885, 0.421999990940094, 0.4230000078678131, 0.4269999861717224, 0.43299999833106995, 0.4359999895095825, 0.4359999895095825, 0.44200000166893005, 0.44200000166893005, 0.44999998807907104, 0.44999998807907104, 0.44999998807907104, 0.4519999921321869, 0.45399999618530273, 0.4569999873638153, 0.4569999873638153, 0.4659999907016754, 0.4659999907016754, 0.4659999907016754, 0.47099998593330383, 0.47200000286102295, 0.4740000069141388, 0.47600001096725464, 0.47699999809265137, 0.47699999809265137, 0.4830000102519989, 0.48500001430511475, 0.49000000953674316, 0.4909999966621399, 0.49300000071525574, 0.49900001287460327, 0.5479999780654907, 0.6209999918937683, 0.6230000257492065, 0.628000020980835, 0.6330000162124634, 0.628000020980835, 0.6330000162124634, 0.6320000290870667, 0.6330000162124634, 0.6330000162124634, 0.6340000033378601, 0.6340000033378601, 0.6340000033378601, 0.6340000033378601, 0.6370000243186951, 0.6370000243186951, 0.6370000243186951, 0.6370000243186951, 0.6370000243186951, 0.6349999904632568, 0.6349999904632568, 0.6309999823570251, 0.6309999823570251, 0.6399999856948853, 0.6430000066757202, 0.7020000219345093, 1.1039999723434448, 1.1039999723434448, 1.1039999723434448, 1.1039999723434448, 1.1039999723434448, 1.1039999723434448, 1.1039999723434448, 1.034999966621399, 0.9580000042915344, 0.9290000200271606, 0.8980000019073486, 0.8899999856948853, 0.8899999856948853, 0.8889999985694885, 0.8889999985694885, 0.8880000114440918, 0.8920000195503235, 0.8920000195503235, 0.8920000195503235, 0.902999997138977, 0.9039999842643738, 0.9279999732971191, 0.9440000057220459, 0.9649999737739563, 1.0140000581741333, 1.0440000295639038, 1.0440000295639038, 1.0449999570846558, 1.0479999780654907, 1.0479999780654907, 1.0440000295639038, 1.0479999780654907, 1.0829999446868896, 1.0829999446868896, 1.1039999723434448, 1.1150000095367432, 1.1410000324249268, 1.1720000505447388, 1.218000054359436, 1.2339999675750732, 1.2890000343322754, 1.3339999914169312, 1.3869999647140503, 1.531999945640564, 1.6410000324249268, 1.9700000286102295, 2.0999999046325684, 2.1029999256134033, 2.1019999980926514, 2.1019999980926514, 2.0999999046325684, 2.0999999046325684, 2.0999999046325684, 2.0959999561309814, 2.0959999561309814, 2.0959999561309814, 2.0959999561309814, 2.0959999561309814, 2.0969998836517334, 2.0969998836517334, 2.0969998836517334, nan, inf, 2.0789999961853027, 0.7639999985694885, 0.7120000123977661, 0.7120000123977661, 0.7120000123977661, inf, inf, inf, inf, inf, inf, nan, inf, nan, inf, inf, inf, nan, inf, inf, inf, inf, inf, inf, inf, inf, inf, inf, inf, inf, inf, inf, inf, inf, inf, inf, inf, inf, inf, inf, inf, inf, inf, inf, inf, inf, inf, inf, inf, inf, inf, inf, inf, inf, inf, inf, inf, inf, inf, inf, inf, inf, inf, inf, inf, inf, inf, inf, inf, inf, inf, inf, inf, inf, inf, inf, inf, inf, inf, inf, inf, inf, inf, inf, inf, inf, inf, inf, inf, inf, inf, inf, inf, inf, inf, inf, inf, inf, inf, inf, inf, inf]
intensities: []
